"STATION","DATE","LATITUDE","LONGITUDE","ELEVATION","NAME","CDSD","CDSD_ATTRIBUTES","CLDD","CLDD_ATTRIBUTES","DP01","DP01_ATTRIBUTES","DP10","DP10_ATTRIBUTES","DP1X","DP1X_ATTRIBUTES","DSND","DSND_ATTRIBUTES","DSNW","DSNW_ATTRIBUTES","DT00","DT00_ATTRIBUTES","DT32","DT32_ATTRIBUTES","DX32","DX32_ATTRIBUTES","DX70","DX70_ATTRIBUTES","DX90","DX90_ATTRIBUTES","DYFG","DYFG_ATTRIBUTES","DYTS","DYTS_ATTRIBUTES","EMNT","EMNT_ATTRIBUTES","EMSD","EMSD_ATTRIBUTES","EMSN","EMSN_ATTRIBUTES","EMXP","EMXP_ATTRIBUTES","EMXT","EMXT_ATTRIBUTES","FZF0","FZF0_ATTRIBUTES","FZF1","FZF1_ATTRIBUTES","FZF2","FZF2_ATTRIBUTES","FZF3","FZF3_ATTRIBUTES","FZF4","FZF4_ATTRIBUTES","FZF5","FZF5_ATTRIBUTES","FZF6","FZF6_ATTRIBUTES","FZF7","FZF7_ATTRIBUTES","FZF8","FZF8_ATTRIBUTES","FZF9","FZF9_ATTRIBUTES","HDSD","HDSD_ATTRIBUTES","HTDD","HTDD_ATTRIBUTES","PRCP","PRCP_ATTRIBUTES","SNOW","SNOW_ATTRIBUTES","TAVG","TAVG_ATTRIBUTES","TMAX","TMAX_ATTRIBUTES","TMIN","TMIN_ATTRIBUTES"
"USC00113879","1899","37.7408","-88.5244","111.3","HARRISBURG, IL US","    851.0","","     851.0","6","       110","6","        82","6","        18","6","","","","","         8","6","        83","6","        27","6","       185","6","        58","6","","","","","  -30.0","6,0213, ","","","","","  84.6"," ,6,0722, ","   38.9","6,0905, ","-2.8","6,0930","-2.8","6,0930","-6.1","6,1204","-10.0","6,1205","-10.0","6,1205","-0.6","6,0408","-2.8","6,0402","-6.7","6,0308","-6.7","6,0308","-15.6","6,0307","    2733.1","1","    2733.1","6","   1248.1"," ,6","","","     13.40","6","     19.01","6","      7.78","6"
"USC00113879","1900","37.7408","-88.5244","111.3","HARRISBURG, IL US","   1044.8","","    1044.8","6","       109","6","        76","6","         7","6","","","","","         1","6","        86","6","        13","6","       205","6","        75","6","","","","","  -23.3","6,0217, ","","","","","  78.2"," ,6,0622, ","   42.2","6,0821, ","-0.6","6,1108","-6.1","6,1109","-6.1","6,1109","-10.6","6,1114","-10.6","6,1114","-0.6","6,0412","-8.9","6,0321","-8.9","6,0321","-8.9","6,0321","-8.9","6,0321","    2290.3","3","    2290.3","6","    977.3"," ,6","","","     14.85","6","     21.08","6","      8.62","6"
"USC00113879","1901","37.7408","-88.5244","111.3","HARRISBURG, IL US","    961.3","","     961.3","0","        86","0","        61","0","         7","0","","","         6","0","         6","0","       101","0","        14","0","       183","0","        83","0","        16"," ","        28"," ","  -22.8","0,1220,+","","","    76"," ,0,1214, ","  88.9"," ,0,1012, ","   44.4","0,0723, ","-1.1","0,1005","-5.0","0,1104","-5.0","0,1104","-6.7","0,1116","-10.0","0,1117","-1.1","0,0421","-3.3","0,0321","-11.7","0,0306","-11.7","0,0306","-11.7","0,0306","    2299.1","1","    2299.1","0","    750.3"," ,0","      232"," ,0","     13.75","0","     20.29","0","      7.22","0"
"USC00113879","1902","37.7408","-88.5244","111.3","HARRISBURG, IL US","    810.8","","     810.8","0","       100","0","        72","0","         6","0","","","         3","0","         0","0","       100","0","        26","0","       195","0","        59","0","         5"," ","        41"," ","  -16.7","0,0205,+","","","    76"," ,0,0129, ","  45.5"," ,0,0818, ","   40.0","0,0717, ","0.0","0,1014","-3.3","0,1029","-4.4","0,1201","-8.9","0,1208","-8.9","0,1208","-1.1","0,0415","-3.9","0,0408","-6.1","0,0319","-11.7","0,0318","-11.7","0,0318","    2746.9","9","    2746.9","0","    870.3"," ,0","      155"," ,0","     13.60","0","     19.87","0","      7.34","0"
"USC00113879","1903","37.7408","-88.5244","111.3","HARRISBURG, IL US","    797.7","","     797.7","0","        94","0","        62","0","         7","0","","","         6","0","         2","0","        97","0","        15","0","       190","0","        50","0","         2"," ","        24"," ","  -20.0","0,0217, ","","","    58"," ,0,0111, ","  75.2"," ,0,0307, ","   37.8","0,0825,+","-1.7","0,1024","-2.2","0,1027","-5.6","0,1107","-10.0","0,1118","-10.0","0,1118","-1.1","0,0404","-2.8","0,0303","-6.1","0,0301","-9.4","0,0222","-9.4","0,0222","    2196.6","6","    2196.6","0","    840.2"," ,0","      316"," ,0","     13.62","0","     19.66","0","      7.58","0"
"USC00113879","1904","37.7408","-88.5244","111.3","HARRISBURG, IL US","    743.0","","     743.0","0","       107","0","        73","0","        14","0","       16","","         6","0","         2","0","       105","0","        18","0","       197","0","        44","0","         3"," ","        56"," ","  -25.0","0,0127, ","   127"," ,0,0127,+","   127"," ,0,0125, ","  99.3"," ,0,0325, ","   37.2","0,0911, ","0.0","0,1023","-2.2","0,1028","-4.4","0,1127","-7.8","0,1213","-8.9","0,1227","-4.4","0,0421","-4.4","0,0421","-4.4","0,0421","-10.6","0,0220","-10.6","0,0220","    2780.4","4","    2780.4","0","   1204.1"," ,0","      425"," ,0","     13.25","0","     19.59","0","      6.90","0"
"USC00113879","1905","37.7408","-88.5244","111.3","HARRISBURG, IL US","    913.5","","     913.5","0","       107","0","        78","0","        10","0","","","         8","0","         5","0","        86","0","        26","0","       200","0","        64","0","         9"," ","        58"," ","  -23.3","0,0213, ","","","    76"," ,0,0129, "," 109.2"," ,0,0721, ","   37.2","0,0618,+","-1.1","0,1012","-3.9","0,1110","-5.6","0,1129","-7.2","0,1203","","","0.0","0,0417","-2.2","0,0302","-7.2","0,0223","-7.2","0,0223","-10.0","0,0218","    2465.7","7","    2465.7","0","   1191.6"," ,0","      381"," ,0","     13.95","0","     19.99","0","      7.92","0"
"USC00113879","1906","37.7408","-88.5244","111.3","HARRISBURG, IL US","    945.0","","     945.0","0","       113","0","        83","0","        22","0","","","         8","0","         3","0","        93","0","        14","0","       188","0","        74","0","         9"," ","        57"," ","  -22.2","0,0207, ","","","   127"," ,0,0323, ","  66.0"," ,0,1117, ","   36.7","0,0701, ","-2.8","0,1011","-2.8","0,1011","-6.1","0,1113","-6.7","0,1207","-10.0","0,1223","-2.2","0,0401","-2.2","0,0401","-7.8","0,0320","-7.8","0,0320","-8.9","0,0317","    2415.7","7","    2415.7","0","   1401.1"," ,0","      610"," ,0","     14.29","0","     20.34","0","      8.25","0"
"USC00113879","1907","37.7408","-88.5244","111.3","HARRISBURG, IL US","    823.7","","     823.7","0","       114","0","        82","0","        17","0","        7","","         6","0","         0","0","        74","0","         6","0","       181","0","        55","0","         4"," ","        58"," ","  -15.0","0,0206, ","   102"," ,0,0223, ","   127"," ,0,0223, ","  55.9"," ,0,0608, ","   39.4","0,0725, ","-0.6","0,1013","-3.3","0,1111","-5.0","0,1112","-8.3","0,1205","","","-1.1","0,0420","-2.8","0,0414","-4.4","0,0225","-7.2","0,0222","-15.0","0,0206","    2199.5","5","    2199.5","0","   1419.9"," ,0","      324"," ,0","     14.31","0","     20.35","0","      8.26","0"
"USC00113879","1908","37.7408","-88.5244","111.3","HARRISBURG, IL US","    946.1","","     946.1","0","        97","0","        70","0","         9","0","        3","","         3","0","         0","0","        73","0","         2","0","       196","0","        73","0","         3"," ","        40"," ","  -12.8","0,0202, ","    25"," ,0,0219,+","   178"," ,0,0309, ","  66.5"," ,0,0215, ","   37.2","0,0828,+","0.0","0,1013","-2.2","0,1031","-6.7","0,1105","-6.7","0,1105","-8.9","0,1202","-3.3","0,0403","-3.3","0,0403","-5.0","0,0228","-9.4","0,0220","-9.4","0,0220","    2153.7","7","    2153.7","0","   1061.3"," ,0","      248"," ,0","     15.12","0","     21.40","0","      8.84","0"
"USC00113879","1909","37.7408","-88.5244","111.3","HARRISBURG, IL US","    939.4","","     939.4","0","       102","0","        71","0","        15","0","       14","","         8","0","         2","0","        74","0","        19","0","       201","0","        66","0","         5"," ","        64"," ","  -19.4","0,1230, ","   203"," ,0,0113, ","   127"," ,0,0113, ","  61.0"," ,0,0713, ","   40.6","0,0828, ","0.0","0,1011","-2.8","0,1013","-4.4","0,1118","-12.8","0,1208","-12.8","0,1208","0.0","0,0414","-2.8","0,0410","-4.4","0,0317","-11.7","0,0217","-11.7","0,0217","    2134.3","3","    2134.3","0","   1178.7"," ,0","      405"," ,0","     14.75","0","     20.88","0","      8.62","0"
"USC00113879","1910","37.7408","-88.5244","111.3","HARRISBURG, IL US","    856.9","","     856.9","0","        91","0","        65","0","        14","0","       19","","         9","0","         1","0","        90","0","        14","0","       207","0","        52","0","         6"," ","        49"," ","  -22.2","0,0218, ","   381"," ,0,0218,+","   330"," ,0,0217, "," 138.9"," ,0,1005, ","   36.7","0,0620, ","-0.6","0,1028","-3.9","0,1029","-4.4","0,1103","-6.7","0,1112","-10.0","0,1207","0.0","0,0425","-5.6","0,0315","-5.6","0,0315","-8.3","0,0225","-10.6","0,0224","    2217.1","1","    2217.1","0","   1274.9"," ,0","     1105"," ,0","     14.12","0","     20.09","0","      8.15","0"
"USC00113879","1911","37.7408","-88.5244","111.3","HARRISBURG, IL US","","","","","       105","0","        78","0","        13","0","        3","","         5","0","","","","","         8","0","       193","0","        76","0","         2"," ","        58"," ","","","    25"," ,0,0228,+","    76"," ,0,0331, ","  76.2"," ,0,0430, ","   40.0","0,0704, ","","","","","","","","","","","","","","","","","","","","","","","","","   1079.8"," ,0","      202"," ,0","","","     21.19","0","",""
"USC00113879","1912","37.7408","-88.5244","111.3","HARRISBURG, IL US","","","","","       105","0","        82","0","        17","0","       28","","        13","0","","","","","        24","0","       197","0","        45","0","         9"," ","        50"," ","","","   457"," ,0,0113,+","   254"," ,0,0111, ","  74.7"," ,0,0925, ","   38.3","0,0910,+","","","","","","","","","","","","","","","","","","","","","    2653.3","3","    2653.3","0","   1324.8"," ,0","     1404"," ,0","","","     19.46","0","",""
"USC00113879","1913","37.7408","-88.5244","111.3","HARRISBURG, IL US","","","","","        88","0","        69","0","         9","0","        9","","         8","0","","","","","         8","0","       196","0","        95","0","        11"," ","        32"," ","","","    76"," ,0,0228,+","   231"," ,0,1029, ","  76.7"," ,0,0325, ","   42.8","0,0903, ","","","","","","","","","","","","","","","","","","","","","","","","","   1041.3"," ,0","      653"," ,0","","","     21.70","0","",""
"USC00113879","1914","37.7408","-88.5244","111.3","HARRISBURG, IL US","   1100.3","","    1100.3","0","        99","0","        68","0","        11","0","       15","","        11","0","         2","0","        97","0","        19","0","       201","0","        92","0","        15"," ","        31"," ","  -21.7","0,1215, ","   152"," ,0,0319, ","   152"," ,0,1213,+"," 109.0"," ,0,0825, ","   40.6","0,0727,+","-3.3","0,1027","-3.3","0,1027","-5.6","0,1116","-6.7","0,1117","-10.0","0,1119","-1.1","0,0412","-3.9","0,0409","-13.3","0,0320","-13.3","0,0320","-13.3","0,0320","","","","","   1139.3"," ,0","      847"," ,0","     14.72","0","     20.82","0","      8.62","0"
"USC00113879","1915","37.7408","-88.5244","111.3","HARRISBURG, IL US","    790.9","","     790.9","0","       107","0","        85","0","        14","0","       13","","         5","0","         0","0","        96","0","         8","0","       204","0","        48","0","","","        40"," ","  -15.0","0,0124, ","   203"," ,0,0119,+","   203"," ,0,0118, ","  83.8"," ,0,1216, ","   38.3","0,0731, ","0.0","0,1114","-5.0","0,1115","-5.0","0,1115","-7.8","0,1228","","","-2.2","0,0413","-2.2","0,0413","-5.0","0,0331","-6.7","0,0208","-11.7","0,0129","    2353.1","1","    2353.1","0","   1386.9"," ,0","      508"," ,0","     14.32","0","     20.22","0","      8.43","0"
"USC00113879","1916","37.7408","-88.5244","111.3","HARRISBURG, IL US","","","","","","","","","","","","","","","","","","","","","","","","","         1"," ","         6"," ","","","","","","","","","","","","","","","","","","","","","","","","","","","","","","","","","","","","","","","","","","","",""
"USC00113879","1917","37.7408","-88.5244","111.3","HARRISBURG, IL US","","","","","        76","0","        56","0","        12","0","       29","","        10","0","         9","0","        97","0","","","","","","","","","         1"," ","  -23.9","0,1212, ","   203"," ,0,1211,+","   191"," ,0,1208,+","  75.7"," ,0,0401, ","","","-3.9","0,1009","-3.9","0,1009","-8.9","0,1124","-8.9","0,1124","-8.9","0,1124","-2.2","0,0414","-2.2","0,0414","-4.4","0,0306","-12.2","0,0305","-12.2","0,0305","","","","","    992.6"," ,0","      807"," ,0","","","","","      6.06","0"
"USC00113879","1918","37.7408","-88.5244","111.3","HARRISBURG, IL US","    908.9","","     908.9","0","        88","0","        58","0","        12","0","       34","","         7","0","         8","0","        86","0","        29","0","       196","0","        63","0","","","","","  -27.8","0,0112, ","   483"," ,0,0121,+","   279"," ,0,0114, "," 101.6"," ,0,0512, ","   43.3","0,0805, ","-0.6","0,1102","-3.3","0,1112","-4.4","0,1125","-6.7","0,1226","","","-1.1","0,0413","-3.3","0,0410","-5.0","0,0316","-6.7","0,0222","-12.8","0,0221","","","","","   1126.7"," ,0","      783"," ,0","     14.26","0","     20.75","0","      7.78","0"
"USC00113879","1920","37.7408","-88.5244","111.3","HARRISBURG, IL US","","","","","       107","0","        77","0","        11","0","        2","","         4","0","         0","0","       105","0","","","","","","","","","         3"," ","  -15.0","0,1228, ","    25"," ,0,0121,+","    51"," ,0,0121, ","  75.7"," ,0,0807, ","","","-3.3","0,1029","-3.3","0,1029","-6.7","0,1112","-6.7","0,1112","-11.1","0,1113","-1.1","0,0414","-2.2","0,0413","-10.0","0,0308","-10.0","0,0308","-10.0","0,0308","","","","","   1233.5"," ,0","      177"," ,0","","","","","      7.60","0"
"USC00113879","1921","37.7408","-88.5244","111.3","HARRISBURG, IL US","   1095.4","","    1095.4","0","       106","0","        73","0","        13","0","        6","","         3","0","         0","0","        68","0","         3","0","       211","0","        98","0","","","        14"," ","   -8.3","0,0115, ","   203"," ,0,0219, ","   254"," ,0,0219, "," 114.3"," ,0,1117, ","   39.4","0,0714, ","-0.6","0,1008","-5.0","0,1112","-5.0","0,1112","","","","","-1.7","0,0418","-2.8","0,0411","-5.6","0,0225","-7.8","0,0127","","","","","","","   1117.0"," ,0","      431"," ,0","     16.20","0","     22.68","0","      9.72","0"
"USC00113879","1922","37.7408","-88.5244","111.3","HARRISBURG, IL US","","","","","        92","0","        68","0","        15","0","","","         1","0","         0","0","        82","0","","","","","","","","","         3"," ","  -11.7","0,1219,+","","","    30"," ,0,0301, ","  83.3"," ,0,1227, ","","","-0.6","0,1017","-2.8","0,1116","-5.0","0,1121","-6.7","0,1125","-10.0","0,1213","-2.2","0,0322","-2.2","0,0322","-4.4","0,0308","-10.0","0,0216","-10.0","0,0216","","","","","   1183.1"," ,0","       58"," ,0","","","","","      8.61","0"
"USC00113879","1923","37.7408","-88.5244","111.3","HARRISBURG, IL US","    839.1","","     839.1","0","       106","0","        74","0","        16","0","        0","","         0","0","         0","0","        86","0","         4","0","       192","0","        65","0","","","        10"," ","  -13.9","0,0218, ","     0"," ,0,1231,+","     0","T,0,1213,+","  73.2"," ,0,0515, ","   38.3","0,0724,+","-1.7","0,1021","-2.2","0,1022","-6.1","0,1031","-6.7","0,1214","","","0.0","0,0418","-2.2","0,0409","-5.6","0,0401","-7.8","0,0331","-12.8","0,0319","    2163.2","2","    2163.2","0","   1387.9"," ,0","        0","T,0","     14.65","0","     21.10","0","      8.19","0"
"USC00113879","1924","37.7408","-88.5244","111.3","HARRISBURG, IL US","    709.7","","     709.7","0","        95","0","        64","0","         7","0","       12","","         4","0","         6","0","       100","0","        20","0","       202","0","        56","0","","","         2"," ","  -23.3","0,1228, ","   127"," ,0,0309, ","   127"," ,0,0309, ","  50.3"," ,0,0618, ","   37.8","0,0830, ","-1.7","0,1022","-2.8","0,1023","-5.0","0,1109","-7.8","0,1201","-11.1","0,1219","0.0","0,0419","-5.6","0,0402","-5.6","0,0402","-8.9","0,0310","-8.9","0,0310","    2374.1","1","    2374.1","0","    802.4"," ,0","      428"," ,0","     13.34","0","     20.06","0","      6.61","0"
"USC00113879","1925","37.7408","-88.5244","111.3","HARRISBURG, IL US","","","","","        78","0","        63","0","        12","0","        4","","         4","0","         1","0","        91","0","","","","","","","","","         5"," ","  -18.3","0,0128, ","   102"," ,0,0128,+","   114"," ,0,1030,+","  67.6"," ,0,1004, ","","","-1.1","0,1010","-2.8","0,1020","-5.6","0,1029","-6.7","0,1031","-12.2","0,1223","-0.6","0,0401","-4.4","0,0315","-4.4","0,0315","-8.9","0,0303","-8.9","0,0303","    2042.0","0","    2042.0"," ","   1080.5"," ,0","      321"," ,0","","","","","      8.43","0"
"USC00113879","1926","37.7408","-88.5244","111.3","HARRISBURG, IL US","    994.2","","     994.2","0","        84","0","        60","0","         6","0","       16","","         5","0","         1","0","        98","0","         9","0","       179","0","        85","0","","","         1"," ","  -20.6","0,0123, ","   178"," ,0,0123,+","   254"," ,0,0121, ","  48.0"," ,0,0121, ","   40.6","0,0702, ","0.0","0,1025","-2.8","0,1103","-4.4","0,1110","-7.8","0,1111","-14.4","0,1122","-0.6","0,0420","-2.2","0,0419","-8.9","0,0314","-8.9","0,0314","-8.9","0,0314","","","","","    801.0"," ,0","      519"," ,0","     14.22","0","     20.68","0","      7.76","0"
"USC00113879","1927","37.7408","-88.5244","111.3","HARRISBURG, IL US","    809.8","","     809.8","0","       106","0","        86","0","        21","0","","","         2","0","         1","0","        75","0","         4","0","       205","0","        53","0","","","         2"," ","  -18.9","0,0115, ","","","   185"," ,0,0301, ","  77.0"," ,0,1213, ","   38.3","0,0917,+","0.0","0,1014","-6.1","0,1106","-6.1","0,1106","-12.2","0,1208","-12.2","0,1208","-1.7","0,0423","-6.1","0,0304","-6.1","0,0304","-7.2","0,0303","-11.1","0,0116","    2169.3","3","    2169.3","0","   1549.9"," ,0","      259"," ,0","     15.07","0","     21.49","0","      8.64","0"
"USC00113879","1928","37.7408","-88.5244","111.3","HARRISBURG, IL US","    853.2","","     853.2","0","        91","0","        70","0","        16","0","        4","","         3","0","         3","0","        85","0","         7","0","       194","0","        64","0","","","         2"," ","  -19.4","0,0101, ","    76"," ,0,0315, ","    86"," ,0,0315, ","  86.4"," ,0,1016, ","   36.7","0,0828,+","-1.1","0,0924","-2.2","0,1031","-4.4","0,1123","-7.8","0,1126","","","-1.1","0,0428","-2.8","0,0416","-6.7","0,0305","-6.7","0,0305","-10.0","0,0226","    2159.7","7","    2159.7","0","   1294.3"," ,0","      190"," ,0","     14.50","0","     20.84","0","      8.15","0"
"USC00113879","1929","37.7408","-88.5244","111.3","HARRISBURG, IL US","    819.1","","     819.1","0","       112","0","        81","0","        14","0","       24","","         7","0","         3","0","        86","0","        23","0","       195","0","        69","0","","","         5"," ","  -21.1","0,0210, ","   152"," ,0,1202, ","   152"," ,0,1128, ","  61.5"," ,0,0225, ","   37.2","0,0801,+","-0.6","0,1025","-3.3","0,1105","-7.2","0,1121","-7.2","0,1121","-8.9","0,1123","-1.1","0,0317","-7.8","0,0310","-7.8","0,0310","-7.8","0,0310","-13.3","0,0220","    2255.3","3","    2255.3","0","   1270.4"," ,0","      714"," ,0","     14.12","0","     20.53","0","      7.73","0"
"USC00113879","1930","37.7408","-88.5244","111.3","HARRISBURG, IL US","","","","","        73","0","        47","0","         9","0","       11","","         4","0","         4","0","        90","0","","","","","","","         1"," ","         1"," ","  -26.7","0,0118, ","   102"," ,0,0123,+","    76"," ,0,0121,+","  46.7"," ,0,0107, ","","","-3.3","0,1020","-3.3","0,1020","-6.7","0,1101","-6.7","0,1101","-9.4","0,1127","-0.6","0,0425","-3.3","0,0330","-5.0","0,0304","-6.7","0,0303","-10.0","0,0216","","","","","    643.8"," ,0","      251"," ,0","","","","","      8.53","0"
"USC00113879","1931","37.7408","-88.5244","111.3","HARRISBURG, IL US","","","","","        76","0","        60","0","         9","0","        2","","         0","0","         0","0","        71","0","","","","","","","","","         1"," ","  -13.9","0,0115, ","    25"," ,0,0115,+","    23"," ,0,0114, ","  71.1"," ,0,0307, ","","","-1.1","0,1018","-3.3","0,1106","-4.4","0,1202","","","","","0.0","0,0407","-2.8","0,0402","-5.6","0,0317","-6.7","0,0215","-13.9","0,0115","    2306.6","6","    2306.6","0","    912.1"," ,0","       36"," ,0","","","","","      9.44","0"
"USC00113879","1932","37.7408","-88.5244","111.3","HARRISBURG, IL US","","","","","        84","0","        70","0","        14","0","       12","","         6","0","","","","","        13","0","       200","0","        77","0","","","","","","","    76"," ,0,1217,+","   102"," ,0,1111, "," 108.2"," ,0,1230, ","   39.4","0,0715, ","","","","","","","","","","","","","","","","","","","","","","","","","   1238.8"," ,0","      380"," ,0","","","     21.64","0","",""
"USC00113879","1933","37.7408","-88.5244","111.3","HARRISBURG, IL US","   1049.7","","    1049.7","0","        81","0","        65","0","        14","0","        1","","         1","0","         1","0","        73","0","         5","0","       198","0","        85","0","","","","","  -18.3","0,0209, ","    51"," ,0,0211, ","    81"," ,0,0211, ","  61.5"," ,0,0927, ","   39.4","0,0722,+","-5.6","0,1108","-5.6","0,1108","-5.6","0,1108","-7.2","0,1110","-9.4","0,1226","-1.7","0,0326","-3.9","0,0322","-6.7","0,0310","-6.7","0,0310","-8.9","0,0212","","","","","   1039.8"," ,0","      117"," ,0","     15.61","0","     22.31","0","      8.91","0"
"USC00113879","1934","37.7408","-88.5244","111.3","HARRISBURG, IL US","   1044.0","","    1044.0","0","        84","0","        58","0","        12","0","        6","","         4","0","         1","0","        94","0","        10","0","       209","0","        85","0","         1"," ","         1"," ","  -25.6","0,0227, ","   203"," ,0,0225, ","   140"," ,0,0224, ","  59.7"," ,0,1121, ","   42.2","0,0724, ","-2.2","0,1028","-2.2","0,1028","-5.6","0,1115","-6.7","0,1208","-12.8","0,1211","-1.1","0,0428","-2.2","0,0329","-6.1","0,0328","-8.3","0,0319","-13.3","0,0310","    2194.0","0","    2194.0","0","    951.7"," ,0","      316"," ,0","     15.08","0","     22.12","0","      8.04","0"
"USC00113879","1935","37.7408","-88.5244","111.3","HARRISBURG, IL US","    872.1","","     872.1","0","        91","0","        67","0","         7","0","        7","","         2","0","         2","0","        85","0","        14","0","       197","0","        75","0","         1"," ","","","  -18.3","0,1230, ","    76"," ,0,1231,+","   102"," ,0,1229, "," 111.5"," ,0,0311, ","   39.4","0,0811,+","-0.6","0,1004","-3.3","0,1007","-6.1","0,1122","-8.9","0,1123","-8.9","0,1123","-1.7","0,0416","-2.2","0,0314","-6.1","0,0228","-8.9","0,0227","-8.9","0,0227","    2068.1","1","    2068.1","0","   1066.7"," ,0","      174"," ,0","     14.44","0","     20.80","0","      8.09","0"
"USC00113879","1936","37.7408","-88.5244","111.3","HARRISBURG, IL US","","","","","        71","0","        49","0","         7","0","        6","","         5","0","        10","0","       105","0","","","","","","","","","         1"," ","  -23.3","0,0218, ","   127"," ,0,0202, ","   112"," ,0,0202, ","  43.9"," ,0,1230, ","","","0.0","0,1024","-3.9","0,1105","-4.4","0,1109","-7.8","0,1212","","","-1.1","0,0423","-2.8","0,0408","-4.4","0,0403","-8.9","0,0221","-8.9","0,0221","","","","","    688.5"," ,0","      337"," ,0","","","","","      7.82","0"
"USC00113879","1937","37.7408","-88.5244","111.3","HARRISBURG, IL US","    867.3","","     867.3","0","        90","0","        71","0","        20","0","","","         4","0","         0","0","       108","0","        13","0","       185","0","        64","0","         6"," ","         4"," ","  -13.9","0,1206, ","","","   165"," ,0,0122, ","  97.5"," ,0,0114, ","   37.2","0,0817, ","-2.2","0,1014","-2.2","0,1014","-6.7","0,1104","-6.7","0,1104","-10.0","0,1121","0.0","0,0412","-3.9","0,0329","-6.1","0,0315","-6.7","0,0226","-9.4","0,0210","    2330.8","8","    2330.8","0","   1277.2"," ,0","      320"," ,0","     13.83","0","     19.90","0","      7.75","0"
"USC00113879","1938","37.7408","-88.5244","111.3","HARRISBURG, IL US","    918.8","","     918.8","0","        79","0","        64","0","         7","0","        0","","         1","0","         0","0","        74","0","         5","0","       225","0","        54","0","","","         1"," ","  -15.0","0,0128,+","     0"," ,0,1231,+","    25"," ,0,0125, ","  48.3"," ,0,0712, ","   38.3","0,0824, ","-2.2","0,1024","-2.2","0,1024","-5.6","0,1110","-8.9","0,1125","-8.9","0,1125","0.0","0,0423","-3.3","0,0403","-5.6","0,0301","-9.4","0,0201","-9.4","0,0201","    2135.5","5","    2135.5","0","    801.3"," ,0","       25"," ,0","     15.49","0","     21.93","0","      9.04","0"
"USC00113879","1939","37.7408","-88.5244","111.3","HARRISBURG, IL US","    994.0","","     994.0","0","        89","0","        70","0","        10","0","       16","","         8","0","         1","0","        90","0","         5","0","       196","0","        66","0","         1"," ","         2"," ","  -18.3","0,0204, ","   203"," ,0,0203, ","   254"," ,0,0203, ","  60.2"," ,0,0129, ","   40.0","0,0909, ","0.0","0,1015","-3.3","0,1102","-6.7","0,1105","-6.7","0,1105","-12.2","0,1225","-0.6","0,0413","-2.8","0,0412","-11.7","0,0223","-11.7","0,0223","-11.7","0,0223","    2081.1","1","    2081.1","0","   1030.1"," ,0","      927"," ,0","     15.07","0","     21.48","0","      8.66","0"
"USC00113879","1940","37.7408","-88.5244","111.3","HARRISBURG, IL US","    843.4","","     843.4","0","        78","0","        61","0","         8","0","       22","","         9","0","         9","0","        99","0","        23","0","       200","0","        66","0","         1"," ","         2"," ","  -23.3","0,0119, ","   178"," ,0,0109,+","   102"," ,0,0213, ","  52.1"," ,0,0218, ","   39.4","0,0730, ","-2.8","0,1107","-2.8","0,1107","-5.6","0,1113","-9.4","0,1114","-9.4","0,1114","0.0","0,0504","-2.2","0,0412","-7.8","0,0325","-7.8","0,0325","-8.9","0,0225","    2705.5","5","    2705.5","0","    863.8"," ,0","      603"," ,0","     13.44","0","     19.98","0","      6.90","0"
"USC00113879","1941","37.7408","-88.5244","111.3","HARRISBURG, IL US","   1046.7","","    1046.7","0","        91","0","        62","0","        11","0","        0","","         1","0","         0","0","        90","0","         6","0","       207","0","        86","0","","","         2"," ","  -11.7","0,0119, ","     0","T,0,1213,+","   102"," ,0,1213, ","  97.3"," ,0,0629, ","   38.9","0,0811,+","0.0","0,1028","-3.3","0,1111","-4.4","0,1113","-6.7","0,1207","","","-2.8","0,0329","-2.8","0,0329","-9.4","0,0318","-9.4","0,0318","-9.4","0,0318","    2236.6","6","    2236.6","0","   1031.5"," ,0","      152"," ,0","     15.12","0","     21.50","0","      8.73","0"
"USC00113879","1942","37.7408","-88.5244","111.3","HARRISBURG, IL US","    865.3","","     865.3","0","        92","0","        70","0","        13","0","       18","","         7","0","         4","0","       102","0","        17","0","       203","0","        53","0","","","","","  -23.9","0,0108, ","   102"," ,0,0103, ","   102"," ,0,0103, ","  56.1"," ,0,0408, ","   37.8","0,0802, ","-1.7","0,0928","-5.0","0,1026","-5.0","0,1026","-6.7","0,1127","-10.6","0,1202","-1.1","0,0412","-2.8","0,0331","-4.4","0,0301","-7.8","0,0221","-11.1","0,0220","    2203.8","8","    2203.8","0","   1028.6"," ,0","      511"," ,0","     14.09","0","     20.32","0","      7.86","0"
"USC00113879","1943","37.7408","-88.5244","111.3","HARRISBURG, IL US","    895.5","","     895.5","0","        83","0","        61","0","         8","0","        3","","         3","0","         2","0","        97","0","        11","0","       194","0","        64","0","         1"," ","         2"," ","  -18.9","0,0216, ","    25"," ,0,0306,+","    38"," ,0,0305, "," 111.8"," ,0,0319, ","   39.4","0,0827,+","-2.8","0,1017","-2.8","0,1017","-6.1","0,1111","-6.7","0,1117","-16.7","0,1215","-0.6","0,0421","-2.2","0,0415","-5.0","0,0323","-6.7","0,0309","-15.0","0,0308","    2284.2","2","    2284.2","0","    931.0"," ,0","      121"," ,0","     14.14","0","     20.56","0","      7.73","0"
"USC00113879","1944","37.7408","-88.5244","111.3","HARRISBURG, IL US","    937.9","","     937.9","0","        79","0","        62","0","         4","0","        4","","         3","0","         0","0","        97","0","        11","0","       197","0","        74","0","         1"," ","         2"," ","  -15.6","0,0212, ","    51"," ,0,0214, ","    81"," ,0,0214, ","  66.5"," ,0,0411, ","   38.3","0,0711, ","-1.1","0,1016","-2.2","0,1017","-5.0","0,1124","-6.7","0,1201","-12.2","0,1202","-0.6","0,0507","-5.6","0,0405","-5.6","0,0405","-7.2","0,0310","-12.8","0,0213","    2372.4","4","    2372.4","0","    771.9"," ,0","      173"," ,0","     14.42","0","     21.04","0","      7.79","0"
"USC00113879","1945","37.7408","-88.5244","111.3","HARRISBURG, IL US","    676.3","","     676.3","0","       110","0","        83","0","        17","0","        9","","         8","0","         0","0","        96","0","        16","0","       189","0","        32","0","         1"," ","","","  -16.1","0,0201,+","   102"," ,0,1220,+","   114"," ,0,1218, ","  77.7"," ,0,0306,+","   37.2","0,0802,+","0.0","0,1009","-3.9","0,1104","-5.0","0,1115","-6.7","0,1122","-10.0","0,1211","0.0","0,0419","-3.9","0,0309","-6.7","0,0227","-6.7","0,0227","-10.6","0,0218","    2454.3","3","    2454.3","0","   1525.2"," ,0","      403"," ,0","     13.44","0","     19.33","0","      7.55","0"
"USC00113879","1946","37.7408","-88.5244","111.3","HARRISBURG, IL US","    738.6","","     738.6","0","        80","0","        59","0","        11","0","        2","","         2","0","         0","0","        62","0","         4","0","       211","0","        44","0","","","         1"," ","  -13.3","0,0127, ","   102"," ,0,0210, ","   122"," ,0,0210, ","  77.7"," ,0,0816, ","   36.7","0,0718,+","0.0","0,1113","-2.2","0,1123","-7.2","0,1202","-7.2","0,1202","","","0.0","0,0417","-2.2","0,0311","-5.0","0,0228","-10.6","0,0215","-10.6","0,0215","    2081.7","7","    2081.7","0","   1010.4"," ,0","      206"," ,0","     15.41","0","     21.56","0","      9.26","0"
"USC00113879","1947","37.7408","-88.5244","111.3","HARRISBURG, IL US","    905.9","","     905.9","0","        96","0","        72","0","         8","0","","","         5","0","         0","0","        99","0","         9","0","       187","0","        59","0","","","         5"," ","  -14.4","0,0208, ","","","   381"," ,0,0327, ","  59.7"," ,0,1027, ","   40.0","0,0806,+","0.0","0,1106","-3.3","0,1109","-5.6","0,1112","-9.4","0,1130","-9.4","0,1130","0.0","0,0417","-5.0","0,0330","-5.0","0,0330","-6.7","0,0328","-11.7","0,0303","    2294.3","3","    2294.3","0","    886.6"," ,0","      576"," ,0","     13.94","0","     19.91","0","      7.96","0"
"USC00113879","1948","37.7408","-88.5244","111.3","HARRISBURG, IL US","    718.3","","     718.3","0","       104","0","        79","0","        14","0","","","         5","0","         2","0","        89","0","        15","0","       194","0","        57","0","         9"," ","         6"," ","  -20.6","0,0128, ","","","   114"," ,0,0205, "," 111.3"," ,0,0412, ","   37.8","0,0824, ","-4.4","0,1018","-4.4","0,1018","-4.4","0,1018","-12.2","0,1226","-12.2","0,1226","0.0","0,0403","-2.2","0,0328","-6.7","0,0313","-6.7","0,0313","-13.3","0,0312","    2402.5","5","    2402.5","0","   1309.4"," ,0","      394"," ,0","     13.73","0","     20.34","0","      7.12","0"
"USC00113879","1949","37.7408","-88.5244","111.3","HARRISBURG, IL US","    805.1","","     805.1","0","       106","0","        77","0","        13","0","","","","","         0","0","        84","0","         5","0","       201","0","        61","0","        17"," ","        10"," ","  -14.4","0,0130, ","","","","","  58.4"," ,0,0326, ","   40.0","0,0630, ","-1.1","0,0930","-2.2","0,1027","-5.0","0,1101","-8.3","0,1122","-9.4","0,1215","0.0","0,0425","-4.4","0,0319","-4.4","0,0319","-6.7","0,0315","-10.6","0,0202","    2162.5","5","    2162.5","0","   1245.4"," ,0","","","     14.79","0","     21.33","0","      8.25","0"
"USC00113879","1950","37.7408","-88.5244","111.3","HARRISBURG, IL US","","","","","       113","0","        84","0","        28","0","       13","","         4","0","         2","0","       105","0","        16","0","       193","0","        23","0","        14"," ","        23"," ","  -18.9","0,1125, ","   127"," ,0,1206, ","   127"," ,0,1206, ","  73.7"," ,0,0403, ","   36.1","0,0626, ","-3.3","0,1105","-3.3","0,1105","-8.3","0,1111","-8.3","0,1111","-17.8","0,1124","-1.1","0,0416","-4.4","0,0414","-4.4","0,0414","-6.7","0,0303","-8.9","0,0302","","","","","   1825.3"," ,0","      292"," ,0","     13.48","0","     19.65","0","      7.30","0"
"USC00113879","1951","37.7408","-88.5244","111.3","HARRISBURG, IL US","    752.5","","     752.5","0","       124","0","        96","0","        15","0","       12","","         7","0","         2","0","        91","0","        14","0","       184","0","        52","0","         6"," ","        24"," ","  -30.6","0,0202, ","   127"," ,0,0202,+","   127"," ,0,0106, ","  57.7"," ,0,0114, ","   39.4","0,0831, ","-1.1","0,1020","-4.4","0,1102","-4.4","0,1102","-12.2","0,1103","-12.2","0,1103","-1.1","0,0423","-3.3","0,0417","-4.4","0,0326","-9.4","0,0210","-9.4","0,0210","    2547.7","7","    2547.7","0","   1287.3"," ,0","      436"," ,0","     13.46","0","     19.82","0","      7.09","0"
"USC00113879","1952","37.7408","-88.5244","111.3","HARRISBURG, IL US","    954.6","","     954.6","0","        97","0","        75","0","        13","0","        3","","         3","0","         0","0","        88","0","         5","0","       197","0","        83","0","         4"," ","        12"," ","  -13.3","0,0129, ","    51"," ,0,1202,+","    76"," ,0,1201, ","  69.9"," ,0,0310, ","   42.8","0,0727, ","-0.6","0,1003","-3.9","0,1007","-6.7","0,1021","-6.7","0,1021","-9.4","0,1128","0.0","0,0407","-2.2","0,0328","-4.4","0,0308","-11.7","0,0305","-11.7","0,0305","    2307.4","4","    2307.4","0","   1030.3"," ,0","      126"," ,0","     14.81","0","     21.77","0","      7.85","0"
"USC00113879","1953","37.7408","-88.5244","111.3","HARRISBURG, IL US","   1036.8","","    1036.8","0","        86","0","        66","0","         5","0","        1","","         2","0","         0","0","       100","0","         3","0","       199","0","       100","0","         4"," ","         8"," ","  -16.1","0,1218, ","    25"," ,0,0106, ","    25"," ,0,0418,+","  41.7"," ,0,0418, ","   40.0","0,0831, ","0.0","0,1008","-2.8","0,1030","-7.2","0,1107","-7.2","0,1107","-9.4","0,1128","-1.7","0,0421","-2.2","0,0404","-6.1","0,0309","-8.3","0,0222","-9.4","0,0217","    2220.2","2","    2220.2","0","    803.4"," ,0","       50"," ,0","     15.26","0","     22.67","0","      7.84","0"
"USC00113879","1954","37.7408","-88.5244","111.3","HARRISBURG, IL US","   1108.1","","    1108.1","0","       106","0","        76","0","        10","0","        8","","         1","0","         1","0","        91","0","         4","0","       203","0","        87","0","         8"," ","         4"," ","  -21.7","0,0113, ","   152"," ,0,0111,+","   178"," ,0,0110, ","  74.9"," ,0,0801, ","   41.1","0,0703, ","0.0","0,1019","-2.2","0,1031","-6.1","0,1102","-6.7","0,1130","","","0.0","0,0504","-5.0","0,0401","-5.0","0,0401","-7.8","0,0306","-9.4","0,0212","    2120.4","4","    2120.4","0","    992.7"," ,0","      191"," ,0","     15.35","0","     22.29","0","      8.40","0"
"USC00113879","1955","37.7408","-88.5244","111.3","HARRISBURG, IL US","","","","","       101","0","        63","0","        12","0","        8","","         7","0","","","","","","","","","","","         7"," ","","","","","   102"," ,0,0111, ","    76"," ,0,0110, ","  63.0"," ,0,0320, ","","","","","","","","","","","","","","","","","","","","","","","","","","","   1002.6"," ,0","      239"," ,0","","","","","",""
"USC00113879","1956","37.7408","-88.5244","111.3","HARRISBURG, IL US","    909.8","","     909.8","0","        97","0","        65","0","         9","0","       10","","         6","0","         0","0","        89","0","         4","0","       210","0","        71","0","        13"," ","         4"," ","  -15.0","0,0126, ","   127"," ,0,0120,+","   152"," ,0,0119, ","  50.8"," ,0,0307, ","   39.4","0,0818, ","-0.6","0,1027","-3.9","0,1109","-7.8","0,1117","-7.8","0,1117","-10.0","0,1124","-0.6","0,0423","-2.8","0,0330","-4.4","0,0321","-9.4","0,0131","-9.4","0,0131","    2414.7","7","    2414.7","0","    904.6"," ,0","      303"," ,0","     14.85","0","     21.78","0","      7.92","0"
"USC00113879","1957","37.7408","-88.5244","111.3","HARRISBURG, IL US","    831.1","","     831.1","0","       115","0","        84","0","        19","0","        1","","         2","0","         0","0","        88","0","         8","0","       190","0","        51","0","        18"," ","        26"," ","  -15.6","0,0117,+","    25"," ,0,1203, ","    25"," ,0,1203,+"," 187.5"," ,0,0522, ","   36.7","0,0812,+","-1.7","0,1012","-4.4","0,1028","-4.4","0,1028","-8.3","0,1110","-12.2","0,1211","-1.7","0,0415","-2.2","0,0414","-5.6","0,0310","-6.7","0,0303","-10.0","0,0118","    2148.1","1","    2148.1","0","   1649.5"," ,0","       63"," ,0","     14.26","0","     20.44","0","      8.09","0"
"USC00113879","1958","37.7408","-88.5244","111.3","HARRISBURG, IL US","    773.2","","     773.2","0","       106","0","        76","0","        14","0","       20","","         7","0","         3","0","       105","0","        26","0","       193","0","        41","0","         9"," ","        19"," ","  -19.4","0,0217,+","   229"," ,0,1128, ","   216"," ,0,1128, ","  40.1"," ,0,0706, ","   36.1","0,0605, ","-1.1","0,1002","-2.2","0,1030","-5.6","0,1127","-6.7","0,1128","-12.2","0,1129","-2.2","0,0408","-2.2","0,0408","-4.4","0,0322","-6.7","0,0221","-12.2","0,0220","    2609.6","6","    2609.6","0","   1076.2"," ,0","      545"," ,0","     12.92","0","     19.15","0","      6.69","0"
"USC00113879","1959","37.7408","-88.5244","111.3","HARRISBURG, IL US","    946.4","","     946.4","0","        86","0","        64","0","        13","0","        6","","         1","0","         2","0","        96","0","        10","0","       201","0","        61","0","        12"," ","        14"," ","  -20.0","0,0105, ","    25"," ,0,1128,+","    51"," ,0,0127, "," 171.5"," ,0,0817, ","   36.7","0,0803,+","-0.6","0,1018","-2.8","0,1028","-7.2","0,1107","-7.2","0,1107","-12.8","0,1117","0.0","0,0423","-4.4","0,0322","-4.4","0,0322","-8.3","0,0221","-10.6","0,0220","    2373.0","0","    2373.0","0","   1163.0"," ,0","       90"," ,0","     14.45","0","     20.90","0","      8.01","0"
"USC00113879","1960","37.7408","-88.5244","111.3","HARRISBURG, IL US","    860.5","","     860.5","0","        89","0","        59","0","         9","0","       26","","         8","0","         4","0","       118","0","        21","0","       198","0","        59","0","        14"," ","        12"," ","  -22.2","0,0306, ","   305"," ,0,0309, ","   178"," ,0,0302, ","  51.3"," ,0,0701, ","   37.8","0,0906,+","-1.7","0,1020","-3.9","0,1021","-6.1","0,1107","-6.7","0,1110","-8.9","0,1111","-5.0","0,0410","-5.0","0,0410","-5.0","0,0410","-6.7","0,0325","-12.8","0,0314","    2648.0","0","    2648.0","0","    887.0"," ,0","      856"," ,0","     13.39","0","     19.87","0","      6.92","0"
"USC00113879","1961","37.7408","-88.5244","111.3","HARRISBURG, IL US","    786.2","","     786.2","0","       114","0","        83","0","        16","0","       21","","        13","0","         2","0","        91","0","        13","0","       192","0","        58","0","         5"," ","        22"," ","  -24.4","0,0128, ","   127"," ,0,0208, ","   127"," ,0,0225, ","  92.7"," ,0,0507, ","   38.9","0,0730, ","-1.1","0,1015","-3.3","0,1027","-6.7","0,1107","-6.7","0,1107","-12.2","0,1213","0.0","0,0429","-4.4","0,0402","-4.4","0,0402","-8.9","0,0209","-8.9","0,0209","    2434.8","8","    2434.8","0","   1483.8"," ,0","      813"," ,0","     13.87","0","     20.30","0","      7.43","0"
"USC00113879","1962","37.7408","-88.5244","111.3","HARRISBURG, IL US","    989.0","","     989.0","0","       106","0","        73","0","        13","0","       13","","         8","0","         4","0","       103","0","        15","0","       195","0","        85","0","         4"," ","        13"," ","  -21.7","0,0110, ","    51"," ,0,1213,+","    76"," ,0,1211,+","  60.5"," ,0,0501, ","   40.6","0,0820, ","-3.3","0,1024","-3.3","0,1024","-5.6","0,1106","-7.8","0,1207","-10.6","0,1210","-3.9","0,0416","-3.9","0,0416","-4.4","0,0317","-7.2","0,0302","-10.0","0,0301","    2427.0","0","    2427.0","0","   1055.8"," ,0","      411"," ,0","     14.16","0","     20.82","0","      7.50","0"
"USC00113879","1963","37.7408","-88.5244","111.3","HARRISBURG, IL US","    844.3","","     844.3","0","        82","0","        57","0","         6","0","       15","","         7","0","         9","0","       106","0","        26","0","       217","0","        84","0","         3"," ","        19"," ","  -27.2","0,0128, ","   127"," ,0,1224,+","   127"," ,0,1223,+","  51.8"," ,0,0316, ","   38.9","0,0803, ","0.0","0,0930","-3.9","0,1030","-6.7","0,1103","-6.7","0,1103","-13.3","0,1214","0.0","0,0502","-3.3","0,0322","-4.4","0,0302","-12.2","0,0227","-12.2","0,0227","    2517.8","8","    2517.8","0","    715.2"," ,0","      456"," ,0","     13.76","0","     21.39","0","      6.12","0"
"USC00113879","1964","37.7408","-88.5244","111.3","HARRISBURG, IL US","    956.7","","     956.7","0","        90","0","        66","0","         7","0","       12","","         6","0","         1","0","        99","0","         5","0","       214","0","        91","0","","","        15"," ","  -22.8","0,0114, ","   229"," ,0,0113, ","   178"," ,0,0112, "," 140.5"," ,0,0309, ","   41.7","0,0803, ","0.0","0,1006","-3.3","0,1010","-7.8","0,1121","-7.8","0,1121","-12.8","0,1122","-1.7","0,0409","-7.2","0,0330","-7.2","0,0330","-7.2","0,0330","-11.1","0,0227","    2299.7","7","    2299.7","0","    997.1"," ,0","      457"," ,0","     14.74","0","     21.94","0","      7.54","0"
"USC00113879","1965","37.7408","-88.5244","111.3","HARRISBURG, IL US","    918.4","","     918.4","0","       106","0","        78","0","        11","0","       15","","        10","0","         3","0","        90","0","        10","0","       203","0","        57","0","","","        15"," ","  -21.7","0,0131, ","   229"," ,0,0225, ","   127"," ,0,0224, ","  52.3"," ,0,0911, ","   38.9","0,0724, ","0.0","0,1024","-2.2","0,1025","-5.0","0,1129","-7.2","0,1130","-9.4","0,1207","-1.1","0,0331","-6.7","0,0327","-6.7","0,0327","-6.7","0,0327","-10.0","0,0319","    2362.8","8","    2362.8","0","   1051.8"," ,0","      749"," ,0","     14.82","0","     21.51","0","      8.12","0"
"USC00113879","1966","37.7408","-88.5244","111.3","HARRISBURG, IL US","    779.6","","     779.6","0","       111","0","        79","0","        11","0","       21","","         8","0","         3","0","       105","0","        23","0","       190","0","        62","0","","","        18"," ","  -21.1","0,0130, ","   152"," ,0,0205,+","   127"," ,0,0201, ","  71.1"," ,0,0101, ","   41.1","0,0714,+","-0.6","0,1020","-2.2","0,1026","-5.6","0,1103","-7.2","0,1202","-10.0","0,1203","-3.9","0,0410","-3.9","0,0410","-5.0","0,0329","-6.7","0,0325","-15.6","0,0205","    2279.5","5","    2279.5","0","   1067.6"," ,0","      481"," ,0","     13.56","0","     20.08","0","      7.03","0"
"USC00113879","1967","37.7408","-88.5244","111.3","HARRISBURG, IL US","    708.9","","     708.9","0","       111","0","        77","0","        12","0","       16","","         9","0","         1","0","        87","0","         8","0","       195","0","        38","0","","","        27"," ","  -19.4","0,0225, ","   152"," ,0,0306,+","   152"," ,0,0306, ","  60.2"," ,0,0804, ","   36.7","0,0614, ","-0.6","0,1011","-2.8","0,1104","-6.7","0,1108","-6.7","0,1108","-10.6","0,1226","-1.7","0,0322","-5.0","0,0319","-5.0","0,0319","-7.8","0,0318","-13.3","0,0307","    2239.5","5","    2239.5","0","   1088.2"," ,0","      571"," ,0","     13.96","0","     20.44","0","      7.48","0"
"USC00113879","1968","37.7408","-88.5244","111.3","HARRISBURG, IL US","    887.2","","     887.2","0","       104","0","        80","0","        11","0","       19","","         8","0","         3","0","       101","0","        24","0","       202","0","        65","0","","","         5"," ","  -19.4","0,0108,+","   254"," ,0,0114, ","   178"," ,0,0113, ","  85.1"," ,0,1227, ","   38.3","0,0823, ","-1.1","0,1005","-3.9","0,1026","-7.2","0,1113","-7.2","0,1113","-8.9","0,1208","-2.8","0,0324","-2.8","0,0324","-6.1","0,0323","-9.4","0,0313","-9.4","0,0313","    2518.2","2","    2518.2","0","   1115.1"," ,0","      473"," ,0","     13.82","0","     20.15","0","      7.48","0"
"USC00113879","1969","37.7408","-88.5244","111.3","HARRISBURG, IL US","    886.8","","     886.8","0","       111","0","        74","0","        13","0","       20","","        12","0","         0","0","       108","0","        11","0","       187","0","        66","0","","","        19"," ","  -14.4","0,0104, ","   152"," ,0,1231,+","   114"," ,0,0215, "," 158.8"," ,0,0518, ","   37.8","0,0809, ","0.0","0,1015","-3.3","0,1028","-5.6","0,1114","-7.2","0,1205","-12.2","0,1227","-6.1","0,0331","-6.1","0,0331","-6.1","0,0331","-6.7","0,0316","-8.9","0,0313","    2462.0","0","    2462.0","0","   1195.4"," ,0","      710"," ,0","     13.59","0","     19.74","0","      7.44","0"
"USC00113879","1970","37.7408","-88.5244","111.3","HARRISBURG, IL US","    941.2","","     941.2","0","       115","0","        79","0","        13","0","       27","","        11","0","         5","0","        90","0","        17","0","       195","0","        61","0","","","        23"," ","  -20.6","0,0121, ","   178"," ,0,0317,+","   229"," ,0,0317, ","  71.6"," ,0,0510, ","   38.3","0,0702, ","-0.6","0,1017","-5.6","0,1116","-5.6","0,1116","-7.8","0,1123","-11.1","0,1124","-0.6","0,0407","-6.7","0,0316","-6.7","0,0316","-6.7","0,0316","-8.9","0,0226","    2671.7","7","    2671.7","0","   1225.5"," ,0","      787"," ,0","     14.10","0","     20.04","0","      8.15","0"
"USC00113879","1971","37.7408","-88.5244","111.3","HARRISBURG, IL US","    845.3","","     845.3","0","       105","0","        78","0","         9","0","       11","","        11","0","         0","0","        84","0","        15","0","       214","0","        55","0","","","        16"," ","  -16.7","0,0209, ","   178"," ,0,0406, ","   279"," ,0,0406, ","  49.5"," ,0,0601, ","   38.3","0,0626, ","-2.2","0,1104","-2.2","0,1104","-5.6","0,1107","-7.8","0,1108","-9.4","0,1218","-4.4","0,0407","-4.4","0,0407","-4.4","0,0407","-6.7","0,0324","-13.3","0,0214","    2426.5","5","    2426.5","0","    956.4"," ,0","      735"," ,0","     14.44","0","     20.68","0","      8.20","0"
"USC00113879","1972","37.7408","-88.5244","111.3","HARRISBURG, IL US","    824.4","","     824.4","0","        99","0","        80","0","        12","0","       13","","         4","0","         2","0","        94","0","        16","0","       190","0","        57","0","","","        30"," ","  -20.6","0,0116, ","    76"," ,0,0105,+","    76"," ,0,0104, ","  67.8"," ,0,0529, ","   36.7","0,0819,+","-0.6","0,1019","-3.3","0,1020","-5.6","0,1124","-8.3","0,1206","-10.6","0,1207","-1.7","0,0409","-3.9","0,0408","-6.7","0,0309","-6.7","0,0309","-9.4","0,0208","    2108.5","5","    2108.5","0","   1282.0"," ,0","      203"," ,0","     13.93","0","     19.91","0","      7.95","0"
"USC00113879","1973","37.7408","-88.5244","111.3","HARRISBURG, IL US","    930.9","","     930.9","0","       122","0","        90","0","        14","0","       14","","         6","0","         2","0","        73","0","        16","0","       199","0","        65","0","","","        27"," ","  -19.4","0,1222, ","   203"," ,0,1221,+","   203"," ,0,1220, ","  86.4"," ,0,0527, ","   37.2","0,0703, ","-5.6","0,1106","-5.6","0,1106","-5.6","0,1106","-8.3","0,1110","-9.4","0,1211","-0.6","0,0414","-3.9","0,0411","-6.7","0,0228","-6.7","0,0228","-11.7","0,0217","    2315.4","4","    2315.4","0","   1278.5"," ,0","      405"," ,0","     15.01","0","     20.83","0","      9.20","0"
"USC00113879","1974","37.7408","-88.5244","111.3","HARRISBURG, IL US","    758.4","","     758.4","0","       111","0","        82","0","        10","0","       15","","         7","0","         0","0","        77","0","        12","0","       204","0","        41","0","","","        31"," ","  -16.1","0,0102, ","    51"," ,0,0323,+","    51"," ,0,1201,+","  87.9"," ,0,0829, ","   37.8","0,0719, ","-1.1","0,1003","-2.8","0,1021","-5.6","0,1126","-7.2","0,1204","","","-1.7","0,0409","-7.2","0,0325","-7.2","0,0325","-7.2","0,0325","-13.3","0,0324","    2000.3","3","    2000.3","0","   1156.2"," ,0","      253"," ,0","     14.57","0","     20.59","0","      8.55","0"
"USC00113879","1975","37.7408","-88.5244","111.3","HARRISBURG, IL US","    903.4","","     903.4","0","       110","0","        83","0","        15","0","       10","","        11","0","         0","0","        83","0","         3","0","       200","0","        68","0","","","        26"," ","  -12.8","0,0209, ","   127"," ,0,0310, ","   203"," ,0,0310, ","  66.3"," ,0,0830, ","   36.1","0,0812,+","0.0","0,1003","-5.0","0,1114","-5.0","0,1114","-7.2","0,1217","-11.7","0,1218","-1.1","0,0413","-2.2","0,0412","-5.0","0,0326","-8.3","0,0304","-11.7","0,0210","    2296.6","6","    2296.6","0","   1323.5"," ,0","      658"," ,0","     14.61","0","     20.54","0","      8.68","0"
"USC00113879","1976","37.7408","-88.5244","111.3","HARRISBURG, IL US","    688.9","","     688.9","0","        83","0","        64","0","        11","0","        9","","         6","0","         3","0","       104","0","        13","0","       191","0","        41","0","","","        23"," ","  -21.1","0,1231, ","    76"," ,0,1230,+","    76"," ,0,1229,+","  80.0"," ,0,0703, ","   38.3","0,0724, ","-5.0","0,1018","-5.0","0,1018","-5.0","0,1018","-6.7","0,1108","-8.9","0,1113","0.0","0,0504","-5.0","0,0317","-5.0","0,0317","-11.1","0,0207","-11.1","0,0207","    2074.1","1","    2074.1","0","    925.3"," ,0","      265"," ,0","     13.56","0","     20.28","0","      6.83","0"
"USC00113879","1977","37.7408","-88.5244","111.3","HARRISBURG, IL US","   1032.2","","    1032.2","0","       111","0","        81","0","        13","0","       46","","        11","0","        13","0","        83","0","        29","0","       206","0","        74","0","","","        31"," ","  -30.0","0,0117, ","   330"," ,0,0120, ","   152"," ,0,1127,+","  96.5"," ,0,0328, ","   37.8","0,0611, ","-0.6","0,1013","-2.8","0,1112","-6.1","0,1113","-11.7","0,1126","-11.7","0,1126","0.0","0,0325","-3.3","0,0307","-4.4","0,0302","-7.2","0,0221","-10.6","0,0216","    2764.2","2","    2764.2","0","   1288.2"," ,0","      800"," ,0","     14.27","0","     20.42","0","      8.12","0"
"USC00113879","1978","37.7408","-88.5244","111.3","HARRISBURG, IL US","    949.8","","     949.8","0","       106","0","        70","0","        10","0","       55","","        15","0","         7","0","       104","0","        41","0","       188","0","        79","0","","","        14"," ","  -21.7","0,0305, ","   406"," ,0,0117, ","   203"," ,0,0116, ","  83.8"," ,0,0830, ","   38.9","0,0825,+","0.0","0,1008","-2.2","0,1108","-5.0","0,1208","-7.8","0,1209","-10.6","0,1210","-0.6","0,0422","-6.1","0,0318","-6.1","0,0318","-8.9","0,0306","-8.9","0,0306","    2885.3","3","    2885.3","0","    966.1"," ,0","     1180"," ,0","     13.05","0","     19.24","0","      6.86","0"
"USC00113879","1979","37.7408","-88.5244","111.3","HARRISBURG, IL US","    787.7","","     787.7","0","       118","0","        95","0","        12","0","       49","","        13","0","         7","0","       101","0","        31","0","       186","0","        44","0","","","        19"," ","  -23.3","0,0115, ","   305"," ,0,0226, ","   279"," ,0,0225, ","  71.1"," ,0,0225, ","   35.6","0,0808,+","-2.2","0,1014","-2.2","0,1014","-5.6","0,1114","-7.8","0,1202","-12.8","0,1217","-1.1","0,0406","-5.0","0,0326","-5.0","0,0326","-7.2","0,0311","-11.7","0,0227","    2720.1","1","    2720.1","0","   1377.3"," ,0","      990"," ,0","     12.94","0","     18.91","0","      6.97","0"
"USC00113879","1980","37.7408","-88.5244","111.3","HARRISBURG, IL US","   1038.4","","    1038.4","0","        83","0","        60","0","         8","0","       19","","        10","0","         3","0","        96","0","        17","0","       188","0","        85","0","","","        10"," ","  -21.1","0,0202, ","   178"," ,0,0208,+","   102"," ,0,0130, ","  50.3"," ,0,0703, ","   40.6","0,0715, ","-1.1","0,1006","-2.2","0,1026","-4.4","0,1030","-7.2","0,1219","-12.8","0,1220","0.0","0,0416","-2.8","0,0322","-5.0","0,0311","-6.7","0,0306","-12.8","0,0303","    2562.3","3","    2562.3","0","    899.3"," ,0","      481"," ,0","     14.18","0","     20.45","0","      7.91","0"
"USC00113879","1981","37.7408","-88.5244","111.3","HARRISBURG, IL US","    770.9","","     770.9","0","       108","0","        70","0","         9","0","","","         2","0","         1","0","       104","0","        15","0","       200","0","        42","0","","","         9"," ","  -17.8","0,0211, ","","","    25"," ,0,0211,+","  66.0"," ,0,0510, ","   36.1","0,0714,+","-1.7","0,1003","-7.8","0,1024","-7.8","0,1024","-7.8","0,1024","-13.9","0,1218","0.0","0,0325","-2.2","0,0324","-4.4","0,0318","-7.2","0,0214","-10.6","0,0213","    2317.7","7","    2317.7","0","   1033.6"," ,0","       63"," ,0","     13.87","0","     20.16","0","      7.59","0"
"USC00113879","1982","37.7408","-88.5244","111.3","HARRISBURG, IL US","    713.7","","     713.7","0","","","","","","","","","","","         5","0","       100","0","        16","0","       203","0","        25","0","         3"," ","         5"," ","  -27.8","0,0117, ","","","","","","","   36.1","0,0805, ","-1.7","0,1021","-2.2","0,1022","-5.6","0,1105","-7.2","0,1113","-8.9","0,1212","-5.6","0,0411","-5.6","0,0411","-5.6","0,0411","-7.8","0,0308","-9.4","0,0213","    2590.4","4","    2590.4","0","","","","","     13.51","0","     19.97","0","      7.05","0"
"USC00113879","1983","37.7408","-88.5244","111.3","HARRISBURG, IL US","    846.0","","     846.0","0","       105","0","        75","0","        16","0","","","","","         5","0","       104","0","        22","0","       184","0","        71","0","","","        12"," ","  -23.3","0,1225, ","","","","","  81.3"," ,0,0430, ","   40.0","0,0821, ","0.0","0,0923","-2.8","0,1105","-4.4","0,1117","-8.3","0,1216","-10.6","0,1217","-1.1","0,0425","-3.9","0,0420","-4.4","0,0419","-7.2","0,0226","-9.4","0,0207","    2378.2","2","    2378.2","0","   1292.6"," ,0","","","     13.29","0","     19.58","0","      7.00","0"
"USC00113879","1984","37.7408","-88.5244","111.3","HARRISBURG, IL US","    751.0","","     751.0","0","       136","0","        98","0","        18","0","","","","","         5","0","        98","0","        15","0","       176","0","        43","0","","","         7"," ","  -27.2","0,0121, ","","","","","  81.0"," ,0,1101, ","   36.1","0,0901,+","0.0","0,1102","-3.3","0,1113","-5.6","0,1117","-6.7","0,1122","-12.8","0,1206","0.0","0,0402","-2.2","0,0314","-4.4","0,0312","-8.9","0,0309","-8.9","0,0309","    2762.9","9","    2762.9","0","   1411.0"," ,0","","","     13.50","0","     19.70","0","      7.31","0"
"USC00113879","1985","37.7408","-88.5244","111.3","HARRISBURG, IL US","    791.9","","     791.9","0","       119","0","        81","0","        18","0","","","","","         4","0","        97","0","        33","0","       200","0","        39","0","","","         7"," ","  -22.2","0,0203, ","","","","","  87.1"," ,0,0610, ","   36.1","0,0714, ","-0.6","0,1002","-3.3","0,1121","-5.0","0,1123","-13.3","0,1202","-13.3","0,1202","0.0","0,0410","-3.9","0,0319","-5.6","0,0228","-7.2","0,0216","-12.8","0,0215","    2370.7","7","    2370.7","0","   1447.3"," ,0","","","     13.36","0","     19.30","0","      7.42","0"
"USC00113879","1986","37.7408","-88.5244","111.3","HARRISBURG, IL US","    949.7","","     949.7","0","        94","0","        63","0","         6","0","        2","","         0","0","         1","0","        82","0","         9","0","       202","0","        53","0","         1"," ","         9"," ","  -18.3","0,0127, ","    51"," ,0,0214, ","    18"," ,0,0118, ","  48.3"," ,0,0712, ","   37.2","0,0719, ","0.0","0,1110","-11.1","0,1113","-11.1","0,1113","-11.1","0,1113","-11.1","0,1113","-1.1","0,0414","-6.7","0,0322","-6.7","0,0322","-6.7","0,0322","-16.7","0,0215","    2295.5","5","    2295.5","0","    843.7"," ,0","       18"," ,0","     14.71","0","     20.76","0","      8.66","0"
"USC00113879","1987","37.7408","-88.5244","111.3","HARRISBURG, IL US","    881.4","","     881.4","0","       105","0","        66","0","        10","0","","","","","         0","0","        83","0","         6","0","       185","0","        53","0","         1"," ","        26"," ","  -14.4","0,0127, ","","","","","  63.5"," ,0,0705, ","   38.3","0,0822, ","-1.1","0,1004","-2.2","0,1012","-7.8","0,1121","-7.8","0,1121","","","-2.8","0,0404","-2.8","0,0404","-4.4","0,0403","-6.7","0,0211","-10.6","0,0210","    2154.1","1","    2154.1","0","    961.8"," ,0","","","     14.75","0","     20.82","0","      8.68","0"
"USC00113879","1988","37.7408","-88.5244","111.3","HARRISBURG, IL US","","","","","","","","","","","","","","","","","","","","","","","","","","","         4"," ","","","","","","","","","","","","","","","","","","","","","","","","","","","","","","","","","","","","","","","","","","","",""
"USC00113879","1991","37.7408","-88.5244","111.3","HARRISBURG, IL US","   1016.0","","    1016.0","0","       112","0","        82","0","         8","0","","","","","         0","0","        92","0","        13","0","       193","0","        64","0","","","","","  -13.3","0,0101, ","","","","","  67.3"," ,0,0903, ","   38.3","0,0804, ","0.0","0,1007","-2.2","0,1017","-5.6","0,1103","-8.9","0,1104","-8.9","0,1104","-2.8","0,0331","-2.8","0,0331","-4.4","0,0310","-12.2","0,0216","-12.2","0,0216","","","","","   1032.4"," ,0","","","     14.63","0","     20.64","0","      8.61","0"
"USC00113879","1992","37.7408","-88.5244","111.3","HARRISBURG, IL US","","","","","        91","0","        66","0","        14","0","","","         0","0","","","","","","","","","","","","","","","","","","","     0","T,0,0316,+","  66.5"," ,0,0828, ","","","","","","","","","","","","","","","","","","","","","","","","","","","   1043.7"," ,0","        0","T,0","","","","","",""
"USC00113879","1993","37.7408","-88.5244","111.3","HARRISBURG, IL US","    697.2","","     697.2","0","       123","0","        91","0","        13","0","","","","","         2","0","       102","0","        20","0","       164","0","        43","0","","","","","  -19.4","0,0219,+","","","","","  62.2"," ,0,1117, ","   35.6","0,0827,+","-1.7","0,1028","-3.9","0,1101","-7.8","0,1107","-7.8","0,1107","-8.9","0,1224","-0.6","0,0422","-2.2","0,0403","-5.6","0,0318","-6.7","0,0315","-8.9","0,0314","","","","","   1270.3"," ,0","","","     12.77","0","     18.26","0","      7.28","0"
"USC00113879","1994","37.7408","-88.5244","111.3","HARRISBURG, IL US","    617.0","","     617.0","0","        95","0","        69","0","        11","0","","","","","         6","0","        89","0","        17","0","       187","0","        23","0","","","","","  -28.3","0,0118, ","","","","","  81.5"," ,0,0626, ","   35.6","0,0617, ","0.0","0,1026","-2.8","0,1123","-6.1","0,1211","-6.7","0,1212","","","-3.3","0,0407","-3.3","0,0407","-8.3","0,0311","-8.3","0,0311","-8.9","0,0310","    2629.0","0","    2629.0","0","    991.8"," ,0","","","     13.14","0","     19.17","0","      7.12","0"
"USC00113879","1995","37.7408","-88.5244","111.3","HARRISBURG, IL US","    741.2","","     741.2","0","        94","0","        74","0","        13","0","","","","","         0","0","       108","0","        22","0","       183","0","        40","0","","","","","  -16.1","0,1210, ","","","","","  50.8"," ,0,0805, ","   36.7","0,0819, ","-5.0","0,0922","-5.0","0,0922","-5.0","0,0922","-7.2","0,1105","-15.6","0,1209","-1.7","0,0405","-3.3","0,0401","-4.4","0,0309","-6.7","0,0303","-13.9","0,0212","    2189.9","9","    2189.9","0","   1161.4"," ,0","","","     13.22","0","     19.21","0","      7.23","0"
"USC00113879","1996","37.7408","-88.5244","111.3","HARRISBURG, IL US","    667.0","","     667.0","0","       109","0","        70","0","        16","0","","","","","         3","0","       105","0","        24","0","       169","0","        30","0","","","","","  -22.2","0,0204,+","","","",""," 146.1"," ,0,0429, ","   35.0","0,0702,+","0.0","0,1019","-2.2","0,1102","-6.1","0,1103","-8.3","0,1217","-10.6","0,1218","-1.7","0,0411","-3.9","0,0410","-4.4","0,0409","-12.8","0,0309","-12.8","0,0309","    2766.7","7","    2766.7","0","   1421.4"," ,0","","","     12.49","0","     18.10","0","      6.88","0"
"USC00113879","1997","37.7408","-88.5244","111.3","HARRISBURG, IL US","","","","","       100","0","        79","0","        11","0","","","         1","0","","","","","","","","","","","","","","","","","","","    76"," ,0,0109, "," 104.1"," ,0,0531, ","","","","","","","","","","","","","","","","","","","","","","","    2635.0","0","    2635.0","0","   1148.8"," ,0","       76"," ,0","","","","","",""
"USC00113879","1998","37.7408","-88.5244","111.3","HARRISBURG, IL US","    790.5","","     790.5","0","       109","0","        77","0","        12","0","","","         1","0","         0","0","        71","0","        11","0","       185","0","        38","0","","","","","  -11.7","0,1231,+","","","    89"," ,0,0206, ","  71.4"," ,0,0630, ","   36.1","0,0906,+","-0.6","0,1105","-2.8","0,1107","-4.4","0,1209","-11.1","0,1222","-11.1","0,1222","0.0","0,0405","-2.2","0,0316","-11.1","0,0313","-11.1","0,0313","-11.1","0,0313","","","","","   1273.0"," ,0","       89"," ,0","     14.73","0","     20.32","0","      9.14","0"
"USC00113879","1999","37.7408","-88.5244","111.3","HARRISBURG, IL US","    732.0","","     732.0","0","        74","0","        57","0","         8","0","","","         1","0","         0","0","        83","0","        10","0","       203","0","        58","0","","","","","  -16.7","0,0106,+","","","   114"," ,0,0314, ","  71.9"," ,0,0602, ","   38.9","0,0731,+","0.0","0,1021","-3.3","0,1024","-4.4","0,1129","-8.3","0,1130","-11.1","0,1225","-3.3","0,0327","-3.3","0,0327","-4.4","0,0316","-6.7","0,0223","-8.9","0,0111","    2108.9","9","    2108.9","0","    951.9"," ,0","      114"," ,0","     14.33","0","     20.81","0","      7.86","0"
"USC00113879","2000","37.7408","-88.5244","111.3","HARRISBURG, IL US","","","","","       101","0","        79","0","        13","0","","","","","","","","","        22","0","       191","0","        30","0","","","","","","","","","",""," 107.7"," ,0,0617, ","   37.8","0,0818, ","","","","","","","","","","","","","","","","","","","","","    1931.1","1","    1931.1"," ","   1207.7"," ,0","","","","","     19.59","0","",""
"USC00113879","2001","37.7408","-88.5244","111.3","HARRISBURG, IL US","","","","","       100","0","        70","0","        16","0","","","         0","0","","","","","","","","","","","","","","","","","","","     0"," ,0,1231,+","  93.7"," ,0,1024, ","","","","","","","","","","","","","","","","","","","","","","","","","","","   1242.2"," ,0","        0"," ,0","","","","","",""
"USC00113879","2002","37.7408","-88.5244","111.3","HARRISBURG, IL US","","","","","        85","0","        72","0","        18","0","","","         1","0","","","","","","","","","","","","","","","","","","","    76"," ,0,0119, ","  52.1"," ,0,0513, ","","","","","","","","","","","","","","","","","","","","","","","","","","","   1183.6"," ,0","       76"," ,0","","","","","",""
"USC00113879","2007","37.7408","-88.5244","111.3","HARRISBURG, IL US","","","","","        82","0","        68","0","        15","0","        0","","         0","0","         0","0","        96","0","        11","0","       195","0","        63","0","","","","","  -13.9","0,0206,+","     0"," ,0,1231,+","     0"," ,0,1231,+","  95.3"," ,0,1018, ","   39.4","0,0816, ","-0.6","0,1028","-4.4","0,1106","-4.4","0,1106","-6.7","0,1206","","","0.0","0,0414","-2.2","0,0410","-4.4","0,0407","-8.3","0,0219","-12.2","0,0217","","","","","   1205.8"," ,0","        0"," ,0","     14.65","0","     21.05","0","      8.25","0"
"USC00113879","2008","37.7408","-88.5244","111.3","HARRISBURG, IL US","","","","","","","","","","","","","","","","","","","","","","","","","","","","","","","","","","","","","","","","","","","","","","","","","","","","","","","","","","","    2414.1","1","    2414.1","0","","","","","","","","","",""
"USC00113879","2021","37.7408","-88.5244","111.3","HARRISBURG, IL US","    873.2","","     873.2","7","","","","","","","","","","","         2","7","        83","7","        15","7","       186","7","        43","7","","","","","  -19.4","7,0220, ","","","","","","","   36.1","7,0829, ","0.0","7,1103","-2.2","7,1104","-5.0","7,1120","","","","","-0.6","7,0404","-3.9","7,0403","-8.9","7,0222","-8.9","7,0222","-8.9","7,0222","","","","","   1120.2"," ,7","","","     14.09","7","     19.92","7","      8.26","7"
"USC00113879","2022","37.7408","-88.5244","111.3","HARRISBURG, IL US","    907.4","","     907.4","7","","","","","","","","","","","         2","7","       103","7","        19","7","       190","7","        55","7","","","","","  -17.8","7,1224,+","","","","","","","   37.2","7,0922,+","0.0","7,1007","-3.3","7,1020","-5.0","7,1114","-6.7","7,1115","-8.9","7,1119","0.0","7,0404","-2.2","7,0314","-8.9","7,0313","-8.9","7,0313","-8.9","7,0313","    2324.2","2","    2324.2","7","","","","","     13.72","7","     19.93","7","      7.50","7"
"USC00113879","2023","37.7408","-88.5244","111.3","HARRISBURG, IL US","","","","","","","","","","","","","         0","7","","","","","","","","","","","","","","","","","","","     0"," ,7,1231,+","","","","","","","","","","","","","","","","","","","","","","","","","","","","","","","        0"," ,7","","","","","",""
